3,2
3,1
3,3
10,67
10,189
10,247
10,161
10,139
10,293
10,127
10,121
9,5
8,14
8,15
8,8
8,2
8,3
85,4
85,3
85,2
85,1
85,0
84,4
84,3
84,2
84,1
84,0
83,3
83,2
83,1
83,0
80,4
80,3
80,2
80,1
80,0
77,4
77,3
77,2
77,1
77,0
76,4
76,3
76,2
76,1
76,0
74,5
74,4
74,3
74,2
74,1
74,0
71,5
71,4
71,3
71,2
71,1
71,0
69,3
69,1
67,3
67,1
65,4
65,3
65,1
60,3
60,1
57,3
57,1
20,3
20,2
20,1
19,3
19,2
19,1
18,1
18,3
14,5
12,3
14,1
14,3
13,1
13,3
12,2
12,1
11,28
11,27
11,26
11,25
11,24
11,23
11,22
11,21
11,20
11,19
11,18
11,17
11,16
11,15
11,14
11,13
11,12
11,11
11,10
11,9
11,8
11,7
11,4
11,3
11,2
2,2
